# Atribuição de valores às variáveis
a <- 10
b <- 15
c <- a + b
c

# Operadores matemáticos
5 + 5
6 - 5
7 * 8
8 / 4
4 ** 4
4 ^ 4

# Operadores lógicos
5 == 5
5 != 5
5 > 4
5 < 3
5 >= 5
5 > 6 & 7 < 8
5 < 4 | 5 != 3
!6 == 6
!3 != 3
